62
52
17
26
63
30
35
46
96
77
50
48
22
65
36
64
19
58
7
15
58
73
48
37
57
70
80
65
63
13
11
95
29
82
74
14
34
20
87
75
91
85
91
57
87
53
73
56
11
53
30
29
5
75
69
41
100
46
12
14
28
72
92
56
36
66
78
38
93
20
97
95
62
28
87
84
85
38
67
18
72
78
22
43
5
69
24
56
6
37
78
89
58
53
1
30
12
60
54
6
43
45
7
59
27
87
65
100
90
9
26
39
47
38
64
35
100
51
15
83
5
97
98
16
9
57
59
36
66
17
30
76
24
51
87
64
14
29
45
93
90
25
46
77
9
57
72
29
92
10
57
50
81
64
45
45
85
9
81
54
55
7
57
41
26
29
14
24
10
23
55
96
80
92
2
29
56
58
6
98
14
55
58
32
82
38
87
48
52
61
69
33
5
28
29
98
86
92
62
76
